<?xml version="1.0"?>
<opencv_storage>
<camera_matrix type_id="opencv-matrix">
  <rows>3</rows>
  <cols>3</cols>
  <dt>d</dt>
  <data>
    4.9496430731527374e+02 0. 3.2474091720815858e+02 0.
    4.9691821906338510e+02 2.3811043561631288e+02 0. 0. 1.</data></camera_matrix>
<dist_coeffs type_id="opencv-matrix">
  <rows>1</rows>
  <cols>5</cols>
  <dt>d</dt>
  <data>
    -4.1935098056909587e-01 3.2921932227441286e-01
    -1.2352559476590370e-03 -1.9164617300731239e-03
    -2.0335642125027556e-01</data></dist_coeffs>
<tvec_extr type_id="opencv-matrix">
  <rows>3</rows>
  <cols>1</cols>
  <dt>d</dt>
  <data>
    3.0242286604985594e+02 5.9012061378905719e+02 4.5140475278525155e+03</data></tvec_extr>
<R_MAT type_id="opencv-matrix">
  <rows>3</rows>
  <cols>3</cols>
  <dt>d</dt>
  <data>
    6.9895945403946591e-01 -7.1459815367670232e-01
    2.8375347939716633e-02 9.9534683018255743e-02 1.3649383320326075e-01
    9.8562786099721023e-01 -7.0820090968969196e-01
    -6.8608958034598433e-01 1.6653095584714642e-01</data></R_MAT>
</opencv_storage>
