<?xml version="1.0"?>
<opencv_storage>
<camera_matrix type_id="opencv-matrix">
  <rows>3</rows>
  <cols>3</cols>
  <dt>d</dt>
  <data>
    4.9496430731527374e+02 0. 3.2474091720815858e+02 0.
    4.9691821906338510e+02 2.3811043561631288e+02 0. 0. 1.</data></camera_matrix>
<dist_coeffs type_id="opencv-matrix">
  <rows>1</rows>
  <cols>5</cols>
  <dt>d</dt>
  <data>
    -4.1935098056909587e-01 3.2921932227441286e-01
    -1.2352559476590370e-03 -1.9164617300731239e-03
    -2.0335642125027556e-01</data></dist_coeffs>
<tvec_extr type_id="opencv-matrix">
  <rows>3</rows>
  <cols>1</cols>
  <dt>d</dt>
  <data>
    4.6603634193653807e+02 7.5533064808148924e+02 3.5624202554513904e+03</data></tvec_extr>
<R_MAT type_id="opencv-matrix">
  <rows>3</rows>
  <cols>3</cols>
  <dt>d</dt>
  <data>
    -7.1250274263272739e-01 7.0165081917919481e-01
    5.0960461150313385e-03 -1.1965597375210107e-01
    -1.2865656091417244e-01 9.8444397366187109e-01
    6.9139156032329330e-01 7.0080925884216394e-01 1.7562486451188875e-01</data></R_MAT>
</opencv_storage>
