<?xml version="1.0"?>
<opencv_storage>
<camera_matrix type_id="opencv-matrix">
  <rows>3</rows>
  <cols>3</cols>
  <dt>d</dt>
  <data>
    4.9496430129851029e+02 0. 3.2474091011132492e+02 0.
    4.9691821171348289e+02 2.3811043596505405e+02 0. 0. 1.</data></camera_matrix>
<dist_coeffs type_id="opencv-matrix">
  <rows>1</rows>
  <cols>5</cols>
  <dt>d</dt>
  <data>
    -4.1935097187168646e-01 3.2921934299862621e-01
    -1.2352560942850471e-03 -1.9164569941870155e-03
    -2.0335645383225490e-01</data></dist_coeffs>
<tvec_extr type_id="opencv-matrix">
  <rows>3</rows>
  <cols>1</cols>
  <dt>d</dt>
  <data>
    3.1174367928425545e+02 6.0320722265920153e+02 4.6200374799759074e+03</data></tvec_extr>
<rvec_extr type_id="opencv-matrix">
  <rows>3</rows>
  <cols>1</cols>
  <dt>d</dt>
  <data>
    -1.3178199834456690e+00 5.4879948589160965e-01
    6.4507283493448109e-01</data></rvec_extr>
<R_MAT type_id="opencv-matrix">
  <rows>3</rows>
  <cols>3</cols>
  <dt>d</dt>
  <data>
    7.0894904668128245e-01 -7.0523904562549700e-01
    5.3979380266368504e-03 1.1833368837468894e-01 1.2649455286086975e-01
    9.8488388467482346e-01 -6.9526138063705467e-01
    -6.9759373321566398e-01 1.7313173011579930e-01</data></R_MAT>
</opencv_storage>
