<?xml version="1.0"?>
<opencv_storage>
<camera_matrix type_id="opencv-matrix">
  <rows>3</rows>
  <cols>3</cols>
  <dt>d</dt>
  <data>
    4.9496430731527374e+02 0. 3.2474091720815858e+02 0.
    4.9691821906338510e+02 2.3811043561631288e+02 0. 0. 1.</data></camera_matrix>
<dist_coeffs type_id="opencv-matrix">
  <rows>1</rows>
  <cols>5</cols>
  <dt>d</dt>
  <data>
    -4.1935098056909587e-01 3.2921932227441286e-01
    -1.2352559476590370e-03 -1.9164617300731239e-03
    -2.0335642125027556e-01</data></dist_coeffs>
<tvec_extr type_id="opencv-matrix">
  <rows>3</rows>
  <cols>1</cols>
  <dt>d</dt>
  <data>
    3.0503939876590823e+02 5.9445553247461328e+02 4.5474723166302429e+03</data></tvec_extr>
<rvec_extr type_id="opencv-matrix">
  <rows>3</rows>
  <cols>1</cols>
  <dt>d</dt>
  <data>
    -1.3192098056360171e+00 5.4555218434934849e-01
    6.5293826758932050e-01</data></rvec_extr>
<R_MAT type_id="opencv-matrix">
  <rows>3</rows>
  <cols>3</cols>
  <dt>d</dt>
  <data>
    7.0651195056238780e-01 -7.0769915918058568e-01
    -1.6624703372465910e-03 1.2417522351787985e-01
    1.2165355825918223e-01 9.8477455573708061e-01
    -6.9672187964554033e-01 -6.9596142986373311e-01
    1.7382839401321476e-01</data></R_MAT>
</opencv_storage>
