<?xml version="1.0"?>
<opencv_storage>
<camera_matrix type_id="opencv-matrix">
  <rows>3</rows>
  <cols>3</cols>
  <dt>d</dt>
  <data>
    4.9496430731527374e+02 0. 3.2474091720815858e+02 0.
    4.9691821906338510e+02 2.3811043561631288e+02 0. 0. 1.</data></camera_matrix>
<dist_coeffs type_id="opencv-matrix">
  <rows>1</rows>
  <cols>5</cols>
  <dt>d</dt>
  <data>
    -4.1935098056909587e-01 3.2921932227441286e-01
    -1.2352559476590370e-03 -1.9164617300731239e-03
    -2.0335642125027556e-01</data></dist_coeffs>
<tvec_extr type_id="opencv-matrix">
  <rows>3</rows>
  <cols>1</cols>
  <dt>d</dt>
  <data>
    -9.8014632641188527e+01 6.7876839880499836e+02
    4.1823404077370324e+03</data></tvec_extr>
<rvec_extr type_id="opencv-matrix">
  <rows>3</rows>
  <cols>1</cols>
  <dt>d</dt>
  <data>
    1.6420020425777448e+00 6.7483771585207752e-01
    -5.7753887904009060e-01</data></rvec_extr>
<R_MAT type_id="opencv-matrix">
  <rows>3</rows>
  <cols>3</cols>
  <dt>d</dt>
  <data>
    7.0757646079897896e-01 7.0661353916944725e-01
    -5.7322234446452458e-03 1.1480022508797666e-01
    -1.2295331516481900e-01 -9.8575016642642799e-01
    -6.9724920971123439e-01 6.9683555345031645e-01
    -1.6811826493468840e-01</data></R_MAT>
</opencv_storage>
