<?xml version="1.0"?>
<opencv_storage>
<camera_matrix type_id="opencv-matrix">
  <rows>3</rows>
  <cols>3</cols>
  <dt>d</dt>
  <data>
    4.9496430129851029e+02 0. 3.2474091011132492e+02 0.
    4.9691821171348289e+02 2.3811043596505405e+02 0. 0. 1.</data></camera_matrix>
<dist_coeffs type_id="opencv-matrix">
  <rows>1</rows>
  <cols>5</cols>
  <dt>d</dt>
  <data>
    -4.1935097187168646e-01 3.2921934299862621e-01
    -1.2352560942850471e-03 -1.9164569941870155e-03
    -2.0335645383225490e-01</data></dist_coeffs>
<tvec_extr type_id="opencv-matrix">
  <rows>3</rows>
  <cols>1</cols>
  <dt>d</dt>
  <data>
    3.1289685936364384e+02 6.1972324324010378e+02 4.7164054775909235e+03</data></tvec_extr>
<rvec_extr type_id="opencv-matrix">
  <rows>3</rows>
  <cols>1</cols>
  <dt>d</dt>
  <data>
    -1.3134787761984907e+00 5.2569534071615287e-01
    6.3492657396101715e-01</data></rvec_extr>
<R_MAT type_id="opencv-matrix">
  <rows>3</rows>
  <cols>3</cols>
  <dt>d</dt>
  <data>
    7.2310944054255177e-01 -6.9073288425175450e-01
    -9.0532396985942842e-04 1.2798488595388435e-01
    1.3269568540809912e-01 9.8285895429682402e-01
    -6.7877286772941148e-01 -7.1083045635884745e-01
    1.8435687225341940e-01</data></R_MAT>
</opencv_storage>
