<?xml version="1.0"?>
<opencv_storage>
<camera_matrix type_id="opencv-matrix">
  <rows>3</rows>
  <cols>3</cols>
  <dt>d</dt>
  <data>
    4.9496430731527374e+02 0. 3.2474091720815858e+02 0.
    4.9691821906338510e+02 2.3811043561631288e+02 0. 0. 1.</data></camera_matrix>
<dist_coeffs type_id="opencv-matrix">
  <rows>1</rows>
  <cols>5</cols>
  <dt>d</dt>
  <data>
    -4.1935098056909587e-01 3.2921932227441286e-01
    -1.2352559476590370e-03 -1.9164617300731239e-03
    -2.0335642125027556e-01</data></dist_coeffs>
<tvec_extr type_id="opencv-matrix">
  <rows>3</rows>
  <cols>1</cols>
  <dt>d</dt>
  <data>
    2.9486790415960360e+02 5.9082741174361934e+02 4.5463128561299345e+03</data></tvec_extr>
<rvec_extr type_id="opencv-matrix">
  <rows>3</rows>
  <cols>1</cols>
  <dt>d</dt>
  <data>
    -1.3208181665585166e+00 5.5352908191076788e-01
    6.3519966849787390e-01</data></rvec_extr>
<R_MAT type_id="opencv-matrix">
  <rows>3</rows>
  <cols>3</cols>
  <dt>d</dt>
  <data>
    7.1197465896234591e-01 -7.0208659498300308e-01
    1.2903415851011624e-02 1.0880144892646887e-01 1.2845018514643292e-01
    9.8572957480606627e-01 -6.9372496690471830e-01
    -7.0041056751095632e-01 1.6784131556928342e-01</data></R_MAT>
</opencv_storage>
