<?xml version="1.0"?>
<opencv_storage>
<camera_matrix type_id="opencv-matrix">
  <rows>3</rows>
  <cols>3</cols>
  <dt>d</dt>
  <data>
    4.9242110534935398e+02 0. 3.3383673565067403e+02 0.
    4.9723924071492632e+02 2.4180700925699165e+02 0. 0. 1.</data></camera_matrix>
<dist_coeffs type_id="opencv-matrix">
  <rows>1</rows>
  <cols>5</cols>
  <dt>d</dt>
  <data>
    -4.3571997115977829e-01 2.8523394438726130e-01
    -7.9415951055474845e-04 -1.0801175052571093e-02
    -1.3384105661915266e-01</data></dist_coeffs>
<tvec_extr type_id="opencv-matrix">
  <rows>3</rows>
  <cols>1</cols>
  <dt>d</dt>
  <data>
    -6.4130867850252309e+02 9.4346727587686780e+02
    3.7393232189160585e+03</data></tvec_extr>
<rvec_extr type_id="opencv-matrix">
  <rows>3</rows>
  <cols>1</cols>
  <dt>d</dt>
  <data>
    -1.1698411871499255e+00 -6.1333741464981972e-01
    -8.2950673842206601e-01</data></rvec_extr>
<R_MAT type_id="opencv-matrix">
  <rows>3</rows>
  <cols>3</cols>
  <dt>d</dt>
  <data>
    5.6737007836958608e-01 8.2346195853713833e-01 1.2637298246074846e-03
    -2.4011967743551454e-01 1.6397550586616913e-01
    9.5679390360944405e-01 7.8767616104535865e-01
    -5.4315967847228308e-01 2.9076421547833559e-01</data></R_MAT>
</opencv_storage>
