<?xml version="1.0"?>
<opencv_storage>
<camera_matrix type_id="opencv-matrix">
  <rows>3</rows>
  <cols>3</cols>
  <dt>d</dt>
  <data>
    4.9242110657007134e+02 0. 3.3383673132156946e+02 0.
    4.9723924017447411e+02 2.4180700945633993e+02 0. 0. 1.</data></camera_matrix>
<dist_coeffs type_id="opencv-matrix">
  <rows>1</rows>
  <cols>5</cols>
  <dt>d</dt>
  <data>
    -4.3571997468828300e-01 2.8523396482372171e-01
    -7.9415976932247260e-04 -1.0801172581514968e-02
    -1.3384107627546268e-01</data></dist_coeffs>
<tvec_extr type_id="opencv-matrix">
  <rows>3</rows>
  <cols>1</cols>
  <dt>d</dt>
  <data>
    -8.6205143137199184e+02 9.0388673346145674e+02
    4.0143420507000001e+03</data></tvec_extr>
<rvec_extr type_id="opencv-matrix">
  <rows>3</rows>
  <cols>1</cols>
  <dt>d</dt>
  <data>
    -1.3569542957548963e+00 -6.4957444369708217e-01
    -6.9864407378553650e-01</data></rvec_extr>
<R_MAT type_id="opencv-matrix">
  <rows>3</rows>
  <cols>3</cols>
  <dt>d</dt>
  <data>
    6.4019129947206954e-01 7.6806368698762384e-01
    -1.5273271137527633e-02 -7.1067641195291020e-02
    7.9008645417086382e-02 9.9433748009631739e-01 7.6492123153642444e-01
    -6.3548076814356436e-01 1.0516512190106125e-01</data></R_MAT>
</opencv_storage>
