<?xml version="1.0"?>
<opencv_storage>
<camera_matrix type_id="opencv-matrix">
  <rows>3</rows>
  <cols>3</cols>
  <dt>d</dt>
  <data>
    4.9242110534935398e+02 0. 3.3383673565067403e+02 0.
    4.9723924071492632e+02 2.4180700925699165e+02 0. 0. 1.</data></camera_matrix>
<dist_coeffs type_id="opencv-matrix">
  <rows>1</rows>
  <cols>5</cols>
  <dt>d</dt>
  <data>
    -4.3571997115977829e-01 2.8523394438726130e-01
    -7.9415951055474845e-04 -1.0801175052571093e-02
    -1.3384105661915266e-01</data></dist_coeffs>
<tvec_extr type_id="opencv-matrix">
  <rows>3</rows>
  <cols>1</cols>
  <dt>d</dt>
  <data>
    -8.7179570706644620e+02 9.4145238340776734e+02
    4.1789091681909122e+03</data></tvec_extr>
<rvec_extr type_id="opencv-matrix">
  <rows>3</rows>
  <cols>1</cols>
  <dt>d</dt>
  <data>
    -1.3422626634252790e+00 -6.2714661535076688e-01
    -6.9189789038289295e-01</data></rvec_extr>
<R_MAT type_id="opencv-matrix">
  <rows>3</rows>
  <cols>3</cols>
  <dt>d</dt>
  <data>
    6.5287390973017245e-01 7.5735397363233214e-01
    -1.3062029587902313e-02 -8.7176777362419355e-02
    9.2257814866398613e-02 9.9191164177298596e-01 7.5243329769644141e-01
    -6.4645452602591769e-01 1.2625639903887753e-01</data></R_MAT>
</opencv_storage>
