<?xml version="1.0"?>
<opencv_storage>
<camera_matrix type_id="opencv-matrix">
  <rows>3</rows>
  <cols>3</cols>
  <dt>d</dt>
  <data>
    4.9242110534935398e+02 0. 3.3383673565067403e+02 0.
    4.9723924071492632e+02 2.4180700925699165e+02 0. 0. 1.</data></camera_matrix>
<dist_coeffs type_id="opencv-matrix">
  <rows>1</rows>
  <cols>5</cols>
  <dt>d</dt>
  <data>
    -4.3571997115977829e-01 2.8523394438726130e-01
    -7.9415951055474845e-04 -1.0801175052571093e-02
    -1.3384105661915266e-01</data></dist_coeffs>
<tvec_extr type_id="opencv-matrix">
  <rows>3</rows>
  <cols>1</cols>
  <dt>d</dt>
  <data>
    -8.8250945519543359e+02 9.5371716017341362e+02
    4.2012442735613558e+03</data></tvec_extr>
<rvec_extr type_id="opencv-matrix">
  <rows>3</rows>
  <cols>1</cols>
  <dt>d</dt>
  <data>
    -1.3514675940029643e+00 -6.0241142698108707e-01
    -7.0139933910859198e-01</data></rvec_extr>
<R_MAT type_id="opencv-matrix">
  <rows>3</rows>
  <cols>3</cols>
  <dt>d</dt>
  <data>
    6.5993699208294310e-01 7.5125428182115161e-01 1.0008522663374542e-02
    -1.0352587434624344e-01 7.7731678580729019e-02
    9.9158468094553986e-01 7.4415425808185987e-01
    -6.5541955279836450e-01 1.2907226653401832e-01</data></R_MAT>
</opencv_storage>
