<?xml version="1.0"?>
<opencv_storage>
<camera_matrix type_id="opencv-matrix">
  <rows>3</rows>
  <cols>3</cols>
  <dt>d</dt>
  <data>
    4.9242110534935398e+02 0. 3.3383673565067403e+02 0.
    4.9723924071492632e+02 2.4180700925699165e+02 0. 0. 1.</data></camera_matrix>
<dist_coeffs type_id="opencv-matrix">
  <rows>1</rows>
  <cols>5</cols>
  <dt>d</dt>
  <data>
    -4.3571997115977829e-01 2.8523394438726130e-01
    -7.9415951055474845e-04 -1.0801175052571093e-02
    -1.3384105661915266e-01</data></dist_coeffs>
<tvec_extr type_id="opencv-matrix">
  <rows>3</rows>
  <cols>1</cols>
  <dt>d</dt>
  <data>
    -8.8082998607438071e+02 9.5203659401685582e+02
    4.2345638839352405e+03</data></tvec_extr>
<R_MAT type_id="opencv-matrix">
  <rows>3</rows>
  <cols>3</cols>
  <dt>d</dt>
  <data>
    6.5484078812034741e-01 7.5576662709004205e-01
    -5.8956837026702402e-04 -9.3282002747841597e-02
    8.1599108726772202e-02 9.9229030702629961e-01 7.4998800668895604e-01
    -6.4973717057894831e-01 1.2393384925349768e-01</data></R_MAT>
</opencv_storage>
