<?xml version="1.0"?>
<opencv_storage>
<camera_matrix type_id="opencv-matrix">
  <rows>3</rows>
  <cols>3</cols>
  <dt>d</dt>
  <data>
    4.9242110657007134e+02 0. 3.3383673132156946e+02 0.
    4.9723924017447411e+02 2.4180700945633993e+02 0. 0. 1.</data></camera_matrix>
<dist_coeffs type_id="opencv-matrix">
  <rows>1</rows>
  <cols>5</cols>
  <dt>d</dt>
  <data>
    -4.3571997468828300e-01 2.8523396482372171e-01
    -7.9415976932247260e-04 -1.0801172581514968e-02
    -1.3384107627546268e-01</data></dist_coeffs>
<tvec_extr type_id="opencv-matrix">
  <rows>3</rows>
  <cols>1</cols>
  <dt>d</dt>
  <data>
    -8.6429304048839322e+02 9.0451904799545321e+02
    4.0467547340295660e+03</data></tvec_extr>
<R_MAT type_id="opencv-matrix">
  <rows>3</rows>
  <cols>3</cols>
  <dt>d</dt>
  <data>
    6.4639188451406571e-01 7.6300547173236755e-01 4.2631071106857821e-04
    -7.3640478506332485e-02 6.1829533451203511e-02
    9.9536635904503279e-01 7.5944361973731367e-01
    -6.4342813032977819e-01 9.6154196687470411e-02</data></R_MAT>
</opencv_storage>
