<?xml version="1.0"?>
<opencv_storage>
<camera_matrix type_id="opencv-matrix">
  <rows>3</rows>
  <cols>3</cols>
  <dt>d</dt>
  <data>
    4.9242110657007134e+02 0. 3.3383673132156946e+02 0.
    4.9723924017447411e+02 2.4180700945633993e+02 0. 0. 1.</data></camera_matrix>
<dist_coeffs type_id="opencv-matrix">
  <rows>1</rows>
  <cols>5</cols>
  <dt>d</dt>
  <data>
    -4.3571997468828300e-01 2.8523396482372171e-01
    -7.9415976932247260e-04 -1.0801172581514968e-02
    -1.3384107627546268e-01</data></dist_coeffs>
<tvec_extr type_id="opencv-matrix">
  <rows>3</rows>
  <cols>1</cols>
  <dt>d</dt>
  <data>
    8.3412091430216790e+01 8.9880164167184489e+02 4.3419276264275186e+03</data></tvec_extr>
<R_MAT type_id="opencv-matrix">
  <rows>3</rows>
  <cols>3</cols>
  <dt>d</dt>
  <data>
    -6.4874432498929147e-01 -7.6099332638800832e-01
    -4.4674363009191698e-03 8.9866203191501848e-02
    -8.2437361131066811e-02 9.9253621949714743e-01
    -7.5568172289538160e-01 6.4350076820673663e-01
    1.2186835109743410e-01</data></R_MAT>
</opencv_storage>
