<?xml version="1.0"?>
<opencv_storage>
<camera_matrix type_id="opencv-matrix">
  <rows>3</rows>
  <cols>3</cols>
  <dt>d</dt>
  <data>
    4.9242110657007134e+02 0. 3.3383673132156946e+02 0.
    4.9723924017447411e+02 2.4180700945633993e+02 0. 0. 1.</data></camera_matrix>
<dist_coeffs type_id="opencv-matrix">
  <rows>1</rows>
  <cols>5</cols>
  <dt>d</dt>
  <data>
    -4.3571997468828300e-01 2.8523396482372171e-01
    -7.9415976932247260e-04 -1.0801172581514968e-02
    -1.3384107627546268e-01</data></dist_coeffs>
<tvec_extr type_id="opencv-matrix">
  <rows>3</rows>
  <cols>1</cols>
  <dt>d</dt>
  <data>
    -4.2592628165374236e+02 9.6140490280311781e+02
    3.6953816662118097e+03</data></tvec_extr>
<rvec_extr type_id="opencv-matrix">
  <rows>3</rows>
  <cols>1</cols>
  <dt>d</dt>
  <data>
    1.5745526358117918e+00 -7.2227929249377809e-01
    6.4739153493217660e-01</data></rvec_extr>
<R_MAT type_id="opencv-matrix">
  <rows>3</rows>
  <cols>3</cols>
  <dt>d</dt>
  <data>
    6.4927892187996150e-01 -7.6053711051642692e-01
    4.4927864092282332e-03 -8.7383975928249091e-02
    -8.0466223517708935e-02 -9.9291954740742683e-01
    7.5551368111594508e-01 6.4428913571479862e-01
    -1.1870377941123766e-01</data></R_MAT>
</opencv_storage>
