<?xml version="1.0"?>
<opencv_storage>
<camera_matrix type_id="opencv-matrix">
  <rows>3</rows>
  <cols>3</cols>
  <dt>d</dt>
  <data>
    4.9242110657007134e+02 0. 3.3383673132156946e+02 0.
    4.9723924017447411e+02 2.4180700945633993e+02 0. 0. 1.</data></camera_matrix>
<dist_coeffs type_id="opencv-matrix">
  <rows>1</rows>
  <cols>5</cols>
  <dt>d</dt>
  <data>
    -4.3571997468828300e-01 2.8523396482372171e-01
    -7.9415976932247260e-04 -1.0801172581514968e-02
    -1.3384107627546268e-01</data></dist_coeffs>
<tvec_extr type_id="opencv-matrix">
  <rows>3</rows>
  <cols>1</cols>
  <dt>d</dt>
  <data>
    -8.6050145100598172e+02 9.1403824915447422e+02
    4.0567564371008666e+03</data></tvec_extr>
<rvec_extr type_id="opencv-matrix">
  <rows>3</rows>
  <cols>1</cols>
  <dt>d</dt>
  <data>
    -1.3638939762594064e+00 -6.3170635367419514e-01
    -7.0010935174921773e-01</data></rvec_extr>
<R_MAT type_id="opencv-matrix">
  <rows>3</rows>
  <cols>3</cols>
  <dt>d</dt>
  <data>
    6.4837230038895810e-01 7.6132099054230273e-01
    -1.9259927356821693e-03 -7.9914075760878722e-02
    7.0573501835030986e-02 9.9430031747657877e-01 7.5711762664966098e-01
    -6.4452287019036647e-01 1.0659816704782819e-01</data></R_MAT>
</opencv_storage>
