<?xml version="1.0"?>
<opencv_storage>
<camera_matrix type_id="opencv-matrix">
  <rows>3</rows>
  <cols>3</cols>
  <dt>d</dt>
  <data>
    4.9496430129851029e+02 0. 3.2474091011132492e+02 0.
    4.9691821171348289e+02 2.3811043596505405e+02 0. 0. 1.</data></camera_matrix>
<dist_coeffs type_id="opencv-matrix">
  <rows>1</rows>
  <cols>5</cols>
  <dt>d</dt>
  <data>
    -4.1935097187168646e-01 3.2921934299862621e-01
    -1.2352560942850471e-03 -1.9164569941870155e-03
    -2.0335645383225490e-01</data></dist_coeffs>
<tvec_extr type_id="opencv-matrix">
  <rows>3</rows>
  <cols>1</cols>
  <dt>d</dt>
  <data>
    -8.1985367447794218e+01 5.8028309593981612e+02
    4.2367617041929725e+03</data></tvec_extr>
<rvec_extr type_id="opencv-matrix">
  <rows>3</rows>
  <cols>1</cols>
  <dt>d</dt>
  <data>
    -1.1375256328430021e+00 5.2926069293105293e-01
    7.3257516682957058e-01</data></rvec_extr>
<R_MAT type_id="opencv-matrix">
  <rows>3</rows>
  <cols>3</cols>
  <dt>d</dt>
  <data>
    6.5857464934291743e-01 -7.5239567639342286e-01
    1.3423017072809518e-02 2.4906921128631254e-01 2.3477396718929766e-01
    9.3959869748707758e-01 -7.1010137250400196e-01
    -6.1545262244520682e-01 3.4201478081107883e-01</data></R_MAT>
</opencv_storage>
