<?xml version="1.0"?>
<opencv_storage>
<camera_matrix type_id="opencv-matrix">
  <rows>3</rows>
  <cols>3</cols>
  <dt>d</dt>
  <data>
    4.7097650381444356e+02 0. 3.0190653755578285e+02 0.
    4.6930470458518749e+02 2.3208411503163256e+02 0. 0. 1.</data></camera_matrix>
<dist_coeffs type_id="opencv-matrix">
  <rows>1</rows>
  <cols>5</cols>
  <dt>d</dt>
  <data>
    -4.5037683364843034e-01 3.8606012924087418e-01
    1.2856306458029401e-02 1.3498034631960077e-02
    -3.1932891369524768e-01</data></dist_coeffs>
<tvec_extr type_id="opencv-matrix">
  <rows>3</rows>
  <cols>1</cols>
  <dt>d</dt>
  <data>
    -4.3382990745201390e+01 1.4725579962685697e+03
    3.5585929418043661e+03</data></tvec_extr>
<R_MAT type_id="opencv-matrix">
  <rows>3</rows>
  <cols>3</cols>
  <dt>d</dt>
  <data>
    9.9456249132172614e-01 -1.0109259766878570e-01
    2.5014746700651888e-02 -2.7636436487090528e-02
    -2.4616582323593678e-02 9.9931489093928783e-01
    -1.0040756064269145e-01 -9.9457242600591067e-01
    -2.7276568598368096e-02</data></R_MAT>
</opencv_storage>
