<?xml version="1.0"?>
<opencv_storage>
<camera_matrix type_id="opencv-matrix">
  <rows>3</rows>
  <cols>3</cols>
  <dt>d</dt>
  <data>
    4.7097652141176491e+02 0. 3.0190654966265015e+02 0.
    4.6930472379552270e+02 2.3208411365877899e+02 0. 0. 1.</data></camera_matrix>
<dist_coeffs type_id="opencv-matrix">
  <rows>1</rows>
  <cols>5</cols>
  <dt>d</dt>
  <data>
    -4.5037687696726025e-01 3.8606026452291131e-01
    1.2856306955882947e-02 1.3498025805950073e-02
    -3.1932909005044607e-01</data></dist_coeffs>
<tvec_extr type_id="opencv-matrix">
  <rows>3</rows>
  <cols>1</cols>
  <dt>d</dt>
  <data>
    -3.7141675600785774e+01 1.4741463523335594e+03
    3.5534694207981283e+03</data></tvec_extr>
<rvec_extr type_id="opencv-matrix">
  <rows>3</rows>
  <cols>1</cols>
  <dt>d</dt>
  <data>
    -1.5826223746279631e+00 9.3792908584298479e-02
    5.7271201948069970e-02</data></rvec_extr>
<R_MAT type_id="opencv-matrix">
  <rows>3</rows>
  <cols>3</cols>
  <dt>d</dt>
  <data>
    9.9512631714395638e-01 -9.5998270403524849e-02
    2.2537635347063087e-02 -2.3805888292082862e-02
    -1.2086305570674111e-02 9.9964353691717378e-01
    -9.5691653816465813e-02 -9.9530811977858591e-01
    -1.4312724851880893e-02</data></R_MAT>
</opencv_storage>
