<?xml version="1.0"?>
<opencv_storage>
<camera_matrix type_id="opencv-matrix">
  <rows>3</rows>
  <cols>3</cols>
  <dt>d</dt>
  <data>
    4.7097652141176491e+02 0. 3.0190654966265015e+02 0.
    4.6930472379552270e+02 2.3208411365877899e+02 0. 0. 1.</data></camera_matrix>
<dist_coeffs type_id="opencv-matrix">
  <rows>1</rows>
  <cols>5</cols>
  <dt>d</dt>
  <data>
    -4.5037687696726025e-01 3.8606026452291131e-01
    1.2856306955882947e-02 1.3498025805950073e-02
    -3.1932909005044607e-01</data></dist_coeffs>
<tvec_extr type_id="opencv-matrix">
  <rows>3</rows>
  <cols>1</cols>
  <dt>d</dt>
  <data>
    -1.1038299578159510e+02 1.4547200786892824e+03
    2.9759305341145600e+03</data></tvec_extr>
<rvec_extr type_id="opencv-matrix">
  <rows>3</rows>
  <cols>1</cols>
  <dt>d</dt>
  <data>
    1.5477074182130304e+00 6.5001954069665233e-02
    -1.0616030264133215e-01</data></rvec_extr>
<R_MAT type_id="opencv-matrix">
  <rows>3</rows>
  <cols>3</cols>
  <dt>d</dt>
  <data>
    9.9368908137819567e-01 1.0933404967679819e-01
    -2.5061427154669184e-02 -2.7385952162504397e-02
    1.9810978323976963e-02 -9.9942860413438228e-01
    -1.0877508526271254e-01 9.9380762259056876e-01
    2.2680169906137693e-02</data></R_MAT>
</opencv_storage>
