<?xml version="1.0"?>
<opencv_storage>
<camera_matrix type_id="opencv-matrix">
  <rows>3</rows>
  <cols>3</cols>
  <dt>d</dt>
  <data>
    4.7097652141176491e+02 0. 3.0190654966265015e+02 0.
    4.6930472379552270e+02 2.3208411365877899e+02 0. 0. 1.</data></camera_matrix>
<dist_coeffs type_id="opencv-matrix">
  <rows>1</rows>
  <cols>5</cols>
  <dt>d</dt>
  <data>
    -4.5037687696726025e-01 3.8606026452291131e-01
    1.2856306955882947e-02 1.3498025805950073e-02
    -3.1932909005044607e-01</data></dist_coeffs>
<tvec_extr type_id="opencv-matrix">
  <rows>3</rows>
  <cols>1</cols>
  <dt>d</dt>
  <data>
    -3.8403254198046753e+01 1.4593522230058009e+03
    3.5121749675999226e+03</data></tvec_extr>
<rvec_extr type_id="opencv-matrix">
  <rows>3</rows>
  <cols>1</cols>
  <dt>d</dt>
  <data>
    -1.5951445786488541e+00 1.0112382685749222e-01
    5.6048137575956433e-02</data></rvec_extr>
<R_MAT type_id="opencv-matrix">
  <rows>3</rows>
  <cols>3</cols>
  <dt>d</dt>
  <data>
    9.9462487609807282e-01 -9.9893117816007931e-02
    2.7252905531171413e-02 -2.9832086236271343e-02
    -2.4416976599563843e-02 9.9925665265962993e-01
    -9.9153428975933378e-02 -9.9469853536975406e-01
    -2.7265752430127885e-02</data></R_MAT>
</opencv_storage>
