<?xml version="1.0"?>
<opencv_storage>
<camera_matrix type_id="opencv-matrix">
  <rows>3</rows>
  <cols>3</cols>
  <dt>d</dt>
  <data>
    4.7097650381444356e+02 0. 3.0190653755578285e+02 0.
    4.6930470458518749e+02 2.3208411503163256e+02 0. 0. 1.</data></camera_matrix>
<dist_coeffs type_id="opencv-matrix">
  <rows>1</rows>
  <cols>5</cols>
  <dt>d</dt>
  <data>
    -4.5037683364843034e-01 3.8606012924087418e-01
    1.2856306458029401e-02 1.3498034631960077e-02
    -3.1932891369524768e-01</data></dist_coeffs>
<tvec_extr type_id="opencv-matrix">
  <rows>3</rows>
  <cols>1</cols>
  <dt>d</dt>
  <data>
    -4.0149537600457116e+01 1.4544195099016711e+03
    3.5256982286434095e+03</data></tvec_extr>
<rvec_extr type_id="opencv-matrix">
  <rows>3</rows>
  <cols>1</cols>
  <dt>d</dt>
  <data>
    -1.5709259193308520e+00 9.4051646587809151e-02
    5.6741558651659640e-02</data></rvec_extr>
<R_MAT type_id="opencv-matrix">
  <rows>3</rows>
  <cols>3</cols>
  <dt>d</dt>
  <data>
    9.9511541354613153e-01 -9.5846709256267273e-02
    2.3637302038432138e-02 -2.3783587144472568e-02
    -3.8394780249092087e-04 9.9971705675487310e-01
    -9.5810514587141099e-02 -9.9539603219463835e-01
    -2.6616509383632393e-03</data></R_MAT>
</opencv_storage>
