<?xml version="1.0"?>
<opencv_storage>
<camera_matrix type_id="opencv-matrix">
  <rows>3</rows>
  <cols>3</cols>
  <dt>d</dt>
  <data>
    4.7097650381444356e+02 0. 3.0190653755578285e+02 0.
    4.6930470458518749e+02 2.3208411503163256e+02 0. 0. 1.</data></camera_matrix>
<dist_coeffs type_id="opencv-matrix">
  <rows>1</rows>
  <cols>5</cols>
  <dt>d</dt>
  <data>
    -4.5037683364843034e-01 3.8606012924087418e-01
    1.2856306458029401e-02 1.3498034631960077e-02
    -3.1932891369524768e-01</data></dist_coeffs>
<tvec_extr type_id="opencv-matrix">
  <rows>3</rows>
  <cols>1</cols>
  <dt>d</dt>
  <data>
    -3.3559165054081134e+01 1.4677377798732080e+03
    3.5546232509855645e+03</data></tvec_extr>
<rvec_extr type_id="opencv-matrix">
  <rows>3</rows>
  <cols>1</cols>
  <dt>d</dt>
  <data>
    -1.5882366424533758e+00 8.5897189014433092e-02
    6.1402188374019548e-02</data></rvec_extr>
<R_MAT type_id="opencv-matrix">
  <rows>3</rows>
  <cols>3</cols>
  <dt>d</dt>
  <data>
    9.9550763347789917e-01 -9.3540155085317281e-02
    1.4655752244359513e-02 -1.6406172701323732e-02
    -1.7971508257881002e-02 9.9970388735276583e-01
    -9.3249070689887290e-02 -9.9545329587959663e-01
    -1.9425409594669953e-02</data></R_MAT>
</opencv_storage>
