<?xml version="1.0"?>
<opencv_storage>
<camera_matrix type_id="opencv-matrix">
  <rows>3</rows>
  <cols>3</cols>
  <dt>d</dt>
  <data>
    4.7097652141176491e+02 0. 3.0190654966265015e+02 0.
    4.6930472379552270e+02 2.3208411365877899e+02 0. 0. 1.</data></camera_matrix>
<dist_coeffs type_id="opencv-matrix">
  <rows>1</rows>
  <cols>5</cols>
  <dt>d</dt>
  <data>
    -4.5037687696726025e-01 3.8606026452291131e-01
    1.2856306955882947e-02 1.3498025805950073e-02
    -3.1932909005044607e-01</data></dist_coeffs>
<tvec_extr type_id="opencv-matrix">
  <rows>3</rows>
  <cols>1</cols>
  <dt>d</dt>
  <data>
    -3.9581109323091582e+01 1.4535982714438683e+03
    3.5259030226788555e+03</data></tvec_extr>
<R_MAT type_id="opencv-matrix">
  <rows>3</rows>
  <cols>3</cols>
  <dt>d</dt>
  <data>
    9.9534904496962384e-01 -9.5627050013856588e-02
    1.1651007840749759e-02 -1.3152873459778086e-02
    -1.5090152545510271e-02 9.9979962453278826e-01
    -9.5432073213406132e-02 -9.9530284567150740e-01
    -1.6277739412783713e-02</data></R_MAT>
</opencv_storage>
