<?xml version="1.0"?>
<opencv_storage>
<camera_matrix type_id="opencv-matrix">
  <rows>3</rows>
  <cols>3</cols>
  <dt>d</dt>
  <data>
    4.7097652141176491e+02 0. 3.0190654966265015e+02 0.
    4.6930472379552270e+02 2.3208411365877899e+02 0. 0. 1.</data></camera_matrix>
<dist_coeffs type_id="opencv-matrix">
  <rows>1</rows>
  <cols>5</cols>
  <dt>d</dt>
  <data>
    -4.5037687696726025e-01 3.8606026452291131e-01
    1.2856306955882947e-02 1.3498025805950073e-02
    -3.1932909005044607e-01</data></dist_coeffs>
<tvec_extr type_id="opencv-matrix">
  <rows>3</rows>
  <cols>1</cols>
  <dt>d</dt>
  <data>
    7.0248917388752739e+02 1.4272929485356296e+03 2.8781342509810947e+03</data></tvec_extr>
<R_MAT type_id="opencv-matrix">
  <rows>3</rows>
  <cols>3</cols>
  <dt>d</dt>
  <data>
    -9.9522323927646139e-01 9.5077126001147844e-02
    2.2159515234528297e-02 2.3595977048407234e-02 1.4010676690692780e-02
    9.9962339448704385e-01 9.4730849627766317e-02 9.9537130813080554e-01
    -1.6187188723518098e-02</data></R_MAT>
</opencv_storage>
