<?xml version="1.0"?>
<opencv_storage>
<camera_matrix type_id="opencv-matrix">
  <rows>3</rows>
  <cols>3</cols>
  <dt>d</dt>
  <data>
    4.7097650381444356e+02 0. 3.0190653755578285e+02 0.
    4.6930470458518749e+02 2.3208411503163256e+02 0. 0. 1.</data></camera_matrix>
<dist_coeffs type_id="opencv-matrix">
  <rows>1</rows>
  <cols>5</cols>
  <dt>d</dt>
  <data>
    -4.5037683364843034e-01 3.8606012924087418e-01
    1.2856306458029401e-02 1.3498034631960077e-02
    -3.1932891369524768e-01</data></dist_coeffs>
<tvec_extr type_id="opencv-matrix">
  <rows>3</rows>
  <cols>1</cols>
  <dt>d</dt>
  <data>
    -4.6569708883020297e+02 9.5453635512367509e+02
    3.5327006937751667e+03</data></tvec_extr>
<rvec_extr type_id="opencv-matrix">
  <rows>3</rows>
  <cols>1</cols>
  <dt>d</dt>
  <data>
    -1.2668937803756639e+00 2.9763260140833411e-02
    1.5199085554473558e-02</data></rvec_extr>
<R_MAT type_id="opencv-matrix">
  <rows>3</rows>
  <cols>3</cols>
  <dt>d</dt>
  <data>
    9.9951242239521210e-01 -2.7906272932503702e-02
    1.4005620610010849e-02 -5.0163337067387140e-03
    2.9921237337304712e-01 9.5417335532732772e-01
    -3.0818077061971053e-02 -9.5377837863493475e-01
    2.9892649694317425e-01</data></R_MAT>
</opencv_storage>
