<?xml version="1.0"?>
<opencv_storage>
<camera_matrix type_id="opencv-matrix">
  <rows>3</rows>
  <cols>3</cols>
  <dt>d</dt>
  <data>
    4.7163677739414283e+02 0. 3.2139551763389125e+02 0.
    4.7254932645146016e+02 2.2851694239650749e+02 0. 0. 1.</data></camera_matrix>
<dist_coeffs type_id="opencv-matrix">
  <rows>1</rows>
  <cols>5</cols>
  <dt>d</dt>
  <data>
    -3.4701080509847437e-01 1.5919312479376524e-01
    3.7642082436551930e-03 -2.1864688663119978e-03
    -4.3728556089109159e-02</data></dist_coeffs>
<tvec_extr type_id="opencv-matrix">
  <rows>3</rows>
  <cols>1</cols>
  <dt>d</dt>
  <data>
    -7.2208471894167292e+02 1.2862613330166128e+03
    2.3779129360744928e+03</data></tvec_extr>
<rvec_extr type_id="opencv-matrix">
  <rows>3</rows>
  <cols>1</cols>
  <dt>d</dt>
  <data>
    -1.0685918049927396e+00 -1.3501511404321933e+00
    -1.4218756259023146e+00</data></rvec_extr>
<R_MAT type_id="opencv-matrix">
  <rows>3</rows>
  <cols>3</cols>
  <dt>d</dt>
  <data>
    -2.4509503252487391e-01 9.6937903962231853e-01
    1.5254591851060761e-02 -3.4896429604621693e-02
    -2.4545242545118362e-02 9.9908947060273379e-01
    9.6887081916655982e-01 2.4433953550195836e-01 3.9843784436302765e-02</data></R_MAT>
</opencv_storage>
