<?xml version="1.0"?>
<opencv_storage>
<camera_matrix type_id="opencv-matrix">
  <rows>3</rows>
  <cols>3</cols>
  <dt>d</dt>
  <data>
    4.7163677738688807e+02 0. 3.2139551763556432e+02 0.
    4.7254932644509336e+02 2.2851694239678741e+02 0. 0. 1.</data></camera_matrix>
<dist_coeffs type_id="opencv-matrix">
  <rows>1</rows>
  <cols>5</cols>
  <dt>d</dt>
  <data>
    -3.4701080508842586e-01 1.5919312478109074e-01
    3.7642082439080442e-03 -2.1864688673184510e-03
    -4.3728556083606922e-02</data></dist_coeffs>
<tvec_extr type_id="opencv-matrix">
  <rows>3</rows>
  <cols>1</cols>
  <dt>d</dt>
  <data>
    -3.5068914423598318e+02 1.2289843315692185e+03
    3.2547073219545541e+03</data></tvec_extr>
<R_MAT type_id="opencv-matrix">
  <rows>3</rows>
  <cols>3</cols>
  <dt>d</dt>
  <data>
    2.3953111659614340e-01 -9.7078747690184486e-01
    1.4018518921575518e-02 2.3272652104605163e-02 2.0175777522846827e-02
    9.9952554828046614e-01 -9.7060971963308851e-01
    -2.3909122253210890e-01 2.7425525735686851e-02</data></R_MAT>
</opencv_storage>
