<?xml version="1.0"?>
<opencv_storage>
<camera_matrix type_id="opencv-matrix">
  <rows>3</rows>
  <cols>3</cols>
  <dt>d</dt>
  <data>
    4.7163677738688807e+02 0. 3.2139551763556432e+02 0.
    4.7254932644509336e+02 2.2851694239678741e+02 0. 0. 1.</data></camera_matrix>
<dist_coeffs type_id="opencv-matrix">
  <rows>1</rows>
  <cols>5</cols>
  <dt>d</dt>
  <data>
    -3.4701080508842586e-01 1.5919312478109074e-01
    3.7642082439080442e-03 -2.1864688673184510e-03
    -4.3728556083606922e-02</data></dist_coeffs>
<tvec_extr type_id="opencv-matrix">
  <rows>3</rows>
  <cols>1</cols>
  <dt>d</dt>
  <data>
    -7.2166297793547460e+02 1.2733086555846521e+03
    2.3480876339810434e+03</data></tvec_extr>
<R_MAT type_id="opencv-matrix">
  <rows>3</rows>
  <cols>3</cols>
  <dt>d</dt>
  <data>
    -2.3617976009168934e-01 9.7130040738646661e-01
    2.8189351427732934e-02 -2.4245087057676862e-02
    -3.4891465367870023e-02 9.9909697297011602e-01
    9.7140686464354253e-01 2.3528303010495027e-01 3.1789920856072906e-02</data></R_MAT>
</opencv_storage>
