<?xml version="1.0"?>
<opencv_storage>
<camera_matrix type_id="opencv-matrix">
  <rows>3</rows>
  <cols>3</cols>
  <dt>d</dt>
  <data>
    4.7163677739414283e+02 0. 3.2139551763389125e+02 0.
    4.7254932645146016e+02 2.2851694239650749e+02 0. 0. 1.</data></camera_matrix>
<dist_coeffs type_id="opencv-matrix">
  <rows>1</rows>
  <cols>5</cols>
  <dt>d</dt>
  <data>
    -3.4701080509847437e-01 1.5919312479376524e-01
    3.7642082436551930e-03 -2.1864688663119978e-03
    -4.3728556089109159e-02</data></dist_coeffs>
<tvec_extr type_id="opencv-matrix">
  <rows>3</rows>
  <cols>1</cols>
  <dt>d</dt>
  <data>
    -7.2190916861465553e+02 1.2785815125477327e+03
    2.3690651796790085e+03</data></tvec_extr>
<rvec_extr type_id="opencv-matrix">
  <rows>3</rows>
  <cols>1</cols>
  <dt>d</dt>
  <data>
    -1.0722787040262349e+00 -1.3411664527569289e+00
    -1.4120687711340136e+00</data></rvec_extr>
<R_MAT type_id="opencv-matrix">
  <rows>3</rows>
  <cols>3</cols>
  <dt>d</dt>
  <data>
    -2.3320894857723351e-01 9.7234053919675234e-01
    1.2940716288916299e-02 -3.7123383057639403e-02
    -2.2200154051395748e-02 9.9906406580881990e-01
    9.7171777833579687e-01 2.3251027718073730e-01 4.1273844883651378e-02</data></R_MAT>
</opencv_storage>
