<?xml version="1.0"?>
<opencv_storage>
<camera_matrix type_id="opencv-matrix">
  <rows>3</rows>
  <cols>3</cols>
  <dt>d</dt>
  <data>
    4.7163677738688807e+02 0. 3.2139551763556432e+02 0.
    4.7254932644509336e+02 2.2851694239678741e+02 0. 0. 1.</data></camera_matrix>
<dist_coeffs type_id="opencv-matrix">
  <rows>1</rows>
  <cols>5</cols>
  <dt>d</dt>
  <data>
    -3.4701080508842586e-01 1.5919312478109074e-01
    3.7642082439080442e-03 -2.1864688673184510e-03
    -4.3728556083606922e-02</data></dist_coeffs>
<tvec_extr type_id="opencv-matrix">
  <rows>3</rows>
  <cols>1</cols>
  <dt>d</dt>
  <data>
    -1.5458651283930996e+02 1.2491893701093970e+03
    2.4552115423377445e+03</data></tvec_extr>
<rvec_extr type_id="opencv-matrix">
  <rows>3</rows>
  <cols>1</cols>
  <dt>d</dt>
  <data>
    1.0935220099971039e+00 -1.4231041432415155e+00
    1.3525362653123207e+00</data></rvec_extr>
<R_MAT type_id="opencv-matrix">
  <rows>3</rows>
  <cols>3</cols>
  <dt>d</dt>
  <data>
    -2.4106293018914166e-01 -9.7035022031153617e-01
    -1.7581627625968099e-02 -3.1749579830228913e-02
    2.5991098505231403e-02 -9.9915785888872199e-01
    9.6999001431418308e-01 -2.4030171189536814e-01
    -3.7073702147567111e-02</data></R_MAT>
</opencv_storage>
