<?xml version="1.0"?>
<opencv_storage>
<camera_matrix type_id="opencv-matrix">
  <rows>3</rows>
  <cols>3</cols>
  <dt>d</dt>
  <data>
    4.7163677738688807e+02 0. 3.2139551763556432e+02 0.
    4.7254932644509336e+02 2.2851694239678741e+02 0. 0. 1.</data></camera_matrix>
<dist_coeffs type_id="opencv-matrix">
  <rows>1</rows>
  <cols>5</cols>
  <dt>d</dt>
  <data>
    -3.4701080508842586e-01 1.5919312478109074e-01
    3.7642082439080442e-03 -2.1864688673184510e-03
    -4.3728556083606922e-02</data></dist_coeffs>
<tvec_extr type_id="opencv-matrix">
  <rows>3</rows>
  <cols>1</cols>
  <dt>d</dt>
  <data>
    -7.1776655834352709e+02 1.2608701744919688e+03
    2.3341769770558681e+03</data></tvec_extr>
<rvec_extr type_id="opencv-matrix">
  <rows>3</rows>
  <cols>1</cols>
  <dt>d</dt>
  <data>
    -1.0881602623003237e+00 -1.3560745066826276e+00
    -1.4139123217549348e+00</data></rvec_extr>
<R_MAT type_id="opencv-matrix">
  <rows>3</rows>
  <cols>3</cols>
  <dt>d</dt>
  <data>
    -2.3893679065490553e-01 9.7077598063015325e-01
    2.2432242489277165e-02 -1.8109590578671841e-02
    -2.7552282171567799e-02 9.9945630943839192e-01
    9.7086623836685471e-01 2.3840064424976304e-01 2.4163609430113198e-02</data></R_MAT>
</opencv_storage>
