<?xml version="1.0"?>
<opencv_storage>
<camera_matrix type_id="opencv-matrix">
  <rows>3</rows>
  <cols>3</cols>
  <dt>d</dt>
  <data>
    4.7163677739414283e+02 0. 3.2139551763389125e+02 0.
    4.7254932645146016e+02 2.2851694239650749e+02 0. 0. 1.</data></camera_matrix>
<dist_coeffs type_id="opencv-matrix">
  <rows>1</rows>
  <cols>5</cols>
  <dt>d</dt>
  <data>
    -3.4701080509847437e-01 1.5919312479376524e-01
    3.7642082436551930e-03 -2.1864688663119978e-03
    -4.3728556089109159e-02</data></dist_coeffs>
<tvec_extr type_id="opencv-matrix">
  <rows>3</rows>
  <cols>1</cols>
  <dt>d</dt>
  <data>
    -7.1599893568227708e+02 1.2539356788225300e+03
    2.3388198192856216e+03</data></tvec_extr>
<R_MAT type_id="opencv-matrix">
  <rows>3</rows>
  <cols>3</cols>
  <dt>d</dt>
  <data>
    -2.3975029738422693e-01 9.7083355453360198e-01
    1.4157315515642144e-03 -2.4583495137925016e-02
    -7.5287507208618987e-03 9.9966943020149723e-01
    9.7052328497103990e-01 2.3963623954701502e-01 2.5671502191869311e-02</data></R_MAT>
</opencv_storage>
