<?xml version="1.0"?>
<opencv_storage>
<camera_matrix type_id="opencv-matrix">
  <rows>3</rows>
  <cols>3</cols>
  <dt>d</dt>
  <data>
    4.7163677738688807e+02 0. 3.2139551763556432e+02 0.
    4.7254932644509336e+02 2.2851694239678741e+02 0. 0. 1.</data></camera_matrix>
<dist_coeffs type_id="opencv-matrix">
  <rows>1</rows>
  <cols>5</cols>
  <dt>d</dt>
  <data>
    -3.4701080508842586e-01 1.5919312478109074e-01
    3.7642082439080442e-03 -2.1864688673184510e-03
    -4.3728556083606922e-02</data></dist_coeffs>
<tvec_extr type_id="opencv-matrix">
  <rows>3</rows>
  <cols>1</cols>
  <dt>d</dt>
  <data>
    -7.1858527137739281e+02 1.2710774965444659e+03
    2.3460744693118954e+03</data></tvec_extr>
<rvec_extr type_id="opencv-matrix">
  <rows>3</rows>
  <cols>1</cols>
  <dt>d</dt>
  <data>
    -1.0823634568884182e+00 -1.3527820853103298e+00
    -1.4230135944078837e+00</data></rvec_extr>
<R_MAT type_id="opencv-matrix">
  <rows>3</rows>
  <cols>3</cols>
  <dt>d</dt>
  <data>
    -2.4390202606191769e-01 9.6949070088773359e-01
    2.4486375295312612e-02 -2.4572508216694711e-02
    -3.1418737500609528e-02 9.9920421074663635e-01
    9.6948852160447574e-01 2.4310623979256302e-01 3.1485911946279255e-02</data></R_MAT>
</opencv_storage>
