<?xml version="1.0"?>
<opencv_storage>
<camera_matrix type_id="opencv-matrix">
  <rows>3</rows>
  <cols>3</cols>
  <dt>d</dt>
  <data>
    4.7163677739414283e+02 0. 3.2139551763389125e+02 0.
    4.7254932645146016e+02 2.2851694239650749e+02 0. 0. 1.</data></camera_matrix>
<dist_coeffs type_id="opencv-matrix">
  <rows>1</rows>
  <cols>5</cols>
  <dt>d</dt>
  <data>
    -3.4701080509847437e-01 1.5919312479376524e-01
    3.7642082436551930e-03 -2.1864688663119978e-03
    -4.3728556089109159e-02</data></dist_coeffs>
<tvec_extr type_id="opencv-matrix">
  <rows>3</rows>
  <cols>1</cols>
  <dt>d</dt>
  <data>
    4.7009512290616379e+02 1.1044148606518663e+03 2.7177201317767640e+03</data></tvec_extr>
<rvec_extr type_id="opencv-matrix">
  <rows>3</rows>
  <cols>1</cols>
  <dt>d</dt>
  <data>
    -1.0093541939188853e+00 -9.1635874914679571e-01
    -1.2841248163265375e+00</data></rvec_extr>
<R_MAT type_id="opencv-matrix">
  <rows>3</rows>
  <cols>3</cols>
  <dt>d</dt>
  <data>
    7.9403942277947948e-02 9.9676647042446564e-01 1.2313301274363586e-02
    -3.1248080309697057e-01 1.3159179292811518e-02
    9.4983292409571263e-01 9.4659957830467711e-01
    -7.9268148949578565e-02 3.1251527789136135e-01</data></R_MAT>
</opencv_storage>
